# epair | total | reproduced | unreprod.
1991245_2004254         7    7    0
1991262_2011260         8    6    2
1992322_2015353         4    4    0
1993044_2015113         5    0    5
1993046_1998134         3    3    0
1993096_2001254         7    0    7
1993197_2015070         5    4    1
1993198_2015246         6    6    0
1993309_2004130         5    5    0
1993362_2008059         6    6    0
1994113_1995008         2    2    0
1994113_2013206         4    4    0
1994191_2010155         9    9    0
1994215_2013295        11   11    0
1994217_2008176        11   11    0
1994217_2011170        12   12    0
1994277_1994279         8    0    8
1994277_2002248        13   13    0
1994277_2017312         7    7    0
1994298_2007106        10    0   10
1994298_2014162        10    0   10
1994299_2009005         9    9    0
1994304_2000278         8    0    8
1994317_2011125         6    6    0
1994354_2012262         6    6    0
1995001_1996177        12   12    0
1995001_2002101         7    7    0
1995001_2011122        14    0   14
1995001_2014016        10   10    0
1995005_2009174         8    0    8
1995009_2017173         2    2    0
1995020_2010249         9    7    2
1995096_2014277         8    8    0
1995106_1999026         3    0    3
1995106_2003185         4    0    4
1995111_1995145         2    0    2
1995114_2003075         4    4    0
1995180_2011109        14   14    0
1995201_2007344         3    3    0
1995230_2007044         2    0    2
1995318_2003183        14   14    0
1996065_2005249        13   13    0
1996088_2009194         9    9    0
1996123_2008070         6    6    0
1996162_1996206         2    2    0
1996162_2016166         3    3    0
1996163_2000168        10    0   10
1996177_2002101         9    9    0
1996177_2008152         9    0    9
1996177_2011122        14    0   14
1996177_2011354         8    8    0
1996177_2014016        11   11    0
1996206_2016166         3    3    0
1996276_2010227        18   17    1
1996280_2014054         7    0    7
1996290_2012334         2    2    0
1996361_2010306        18   18    0
1997018_1999275         8    8    0
1997018_2002258         4    3    1
1997018_2004315        11   11    0
1997040_2005120         4    4    0
1997071_2002171         4    0    4
1997076_2003317         6    6    0
1997076_2016270        10   10    0
1997098_2014171        15   15    0
1997101_2011125        16   15    1
1997117_2006347a       15   13    2
1997117_2008063        12   11    1
1997125_2010314         8    8    0
1997128_2011122        14    1   13
1997170_2002155         8    7    1
1997170_2007265         9    9    0
1997170_2014260         7    6    1
1997190_2014132        16   15    1
1997245_2007016         5    0    5
1997252_2007265         6    0    6
1997264_2008231        13    0   13
1997264_2017126        11    0   11
1997267_2004133         6    6    0
1997267_2007006         5    0    5
1997267_2014275         5    5    0
1997268_2016078         8    0    8
1997293_2006231         7    7    0
1997320_2012172        15   15    0
1997327_2000156         8    8    0
1998042_2011261        11   11    0
1998080_2010254         5    4    1
1998102_2005287        10    0   10
1998113_2006198        14   14    0
1998113_2014256        14   14    0
1998129_2003021        11    0   11
1998134_2004046        10   10    0
1998134_2008192        12   12    0
1998134_2011289         9    9    0
1998134_2015290         9    9    0
1998143_2015145        12   12    0
1998172_2005069        13   13    0
1998172_2009186         7    7    0
1998229_2010223        14   14    0
1998231_2002040         5    4    1
1998263_2015188         5    5    0
1998281_2004283         5    5    0
1998281_2009304         8    8    0
1998289_2010263         8    7    1
1998301_2010328        13   13    0
1998341_2008215         8    8    0
1998341_2017012         6    2    4
1999026_2003185         6    0    6
1999032_2010214        12   12    0
1999040_2004254         9    9    0
1999040_2010014         8    8    0
1999051_2013357         2    2    0
1999056_2013264        16    1   15
1999115_2008067        12   12    0
1999115_2016209         8    8    0
1999150_2006214         3    3    0
1999178_2005120         5    5    0
1999178_2012235         6    6    0
1999207_2012060         4    4    0
1999213_2009111        10   10    0
1999232_2011194         5    5    0
1999249_2007234         1    1    0
1999249_2014102         2    2    0
1999249_2014116         4    4    0
1999269_2013305        15   15    0
1999275_2010199         6    0    6
2000029_2014195         8    8    0
2000050_2010054        13   13    0
2000055_2002233         9    0    9
2000076_2014101         5    5    0
2000081_2002013         4    4    0
2000081_2008173         7    7    0
2000089_2016196         2    2    0
2000104_2012245         4    3    1
2000157_2006075        11   11    0
2000157_2012315         5    5    0
2000161_2001045         4    0    4
2000166_2012144        18    0   18
2000166_2015347         7    7    0
2000210_2008136         3    3    0
2000210_2012319         2    2    0
2000210_2016348         3    3    0
2000216_2010271         5    4    1
2000216_2016123         5    5    0
2000217_2011175a        4    4    0
2000236_2012306         5    5    0
2000242_2005124         4    4    0
2000278_2006013         8    8    0
2000278_2008132         7    7    0
2000286_2011315        17   17    0
2000329_2004143         3    0    3
2000329_2009192        12   12    0
2000329_2012169        16   14    2
2000338_2013111        28   28    0
2001007_2009212        10   10    0
2001009_2011148         2    2    0
2001033_2013165        10   10    0
2001047_2008292         6    6    0
2001058_2008156         4    0    4
2001064_2006203         9    9    0
2001064_2006321         9    9    0
2001064_2015132         8    8    0
2001077_2011184         9    9    0
2001090_2010357         9    8    1
2001111_2008006         7    7    0
2001125_2009242         8    8    0
2001127_2007220         7    7    0
2001127_2013064        19   19    0
2001134_2012237         7    6    1
2001147_2006137        14   14    0
2001147_2010204        14   14    0
2001190_2005323         3    3    0
2001277_2011211        13   13    0
2001299_2014164         6    6    0
2001310_2014141        13   12    1
2002006_2011260        17   17    0
2002013_2008173         7    7    0
2002015_2013242         2    0    2
2002027_2006254         4    4    0
2002040_2002161         6    0    6
2002048_2007199        15   15    0
2002052_2007348         4    4    0
2002101_2008152         5    0    5
2002101_2011122         7    0    7
2002101_2011354        11   11    0
2002101_2014016         7    7    0
2002116_2009005        11   11    0
2002129_2011053         8    8    0
2002155_2014260        21   20    1
2002171_2006322         1    1    0
2002171_2009281         2    2    0
2002187_2012317         7    7    0
2002187_2017200        10   10    0
2002248_2009247         7    7    0
2002248_2017312        13   13    0
2002258_2004315         2    2    0
2002275_2013284        21   21    0
2002276_2010316        19   19    0
2002294_2017046         7    7    0
2002333_2014344         4    4    0
2003101_2008097         2    2    0
2003101_2008153         1    1    0
2003101_2011148         2    2    0
2003137_2011141        20   20    0
2003137_2017050        10   10    0
2003142_2013019        14   14    0
2003149_2017154        16   16    0
2003183_2008055        23   23    0
2003185_2008053         3    3    0
2003185_2013170         5    5    0
2003185_2017186         4    3    1
2003196_2012054         2    2    0
2003242_2015255        12   12    0
2003268_2004086        13   13    0
2003279_2009153         1    1    0
2003284_2009066        18   18    0
2003317_2016270         6    6    0
2004028_2017030         5    5    0
2004032_2012281         7    7    0
2004046_2008192         5    5    0
2004046_2011289         8    8    0
2004076_2015183         4    4    0
2004080_2012114         5    5    0
2004133_2014275         9    8    1
2004140_2013027        20   20    0
2004143_2009192        13   12    1
2004143_2012169        16   14    2
2004191_2012258         1    1    0
2004233_2012058         5    5    0
2004247_2009065        14   13    1
2004251_2011019        10   10    0
2004251_2014216         2    2    0
2004252_2012324        20   20    0
2004254_2010014        16   16    0
2004283_2009304        10   10    0
2004283_2015197         7    7    0
2004283_2017341         9    9    0
2004315_2010199         4    4    0
2004361_2004365         5    0    5
2004361_2005029        11   11    0
2004361_2005044         8    8    0
2004361_2005129        11    0   11
2004361_2008065        10   10    0
2004361_2010272        13   13    0
2004362_2005029         7    0    7
2004362_2006133        25    0   25
2004364_2011022         8    8    0
2004365_2005029        10    0   10
2004365_2005277        10   10    0
2004366_2005044         9    9    0
2004366_2005129        18   18    0
2004366_2005204        15   15    0
2004366_2010272        14   14    0
2004366_2010273        17   17    0
2004366_2015203         9    9    0
2005002_2005026         7    7    0
2005005_2012157        12   12    0
2005007_2011200         4    2    2
2005029_2005277         9    9    0
2005031_2009066        21    0   21
2005037_2005183        11   11    0
2005037_2008218        14   14    0
2005037_2012331        22   22    0
2005037_2015163         8    8    0
2005044_2005204        18   18    0
2005044_2006259        16   15    1
2005044_2010273        19   19    0
2005044_2015203        14    0   14
2005069_2009186        13   13    0
2005071_2006225         7    7    0
2005071_2007175         8    0    8
2005071_2008129         9    9    0
2005071_2009240        10   10    0
2005071_2010352         7    7    0
2005071_2014216        11   11    0
2005071_2016353         7    7    0
2005087_2006102         5    5    0
2005116_2005225        14    0   14
2005116_2011051         7    7    0
2005120_2012235         6    5    1
2005120_2016353         9    9    0
2005129_2005244         8    8    0
2005129_2006343         5    1    4
2005129_2010272        13   13    0
2005129_2012232         7    7    0
2005129_2015189         7    0    7
2005171_2013307         6    6    0
2005183_2008218        11   10    1
2005183_2015163        10   10    0
2005204_2006259         9    9    0
2005204_2010273        16   15    1
2005204_2015203        11   10    1
2005225_2011051        12   12    0
2005244_2006075        11   11    0
2005244_2006343        10   10    0
2005244_2010272        15   15    0
2005244_2015189         8    0    8
2005254_2014357         4    4    0
2005282_2011324         3    2    1
2005285_2010070         1    1    0
2005289_2016199        13   11    2
2005316_2009206        11   11    0
2006001_2008134        18   18    0
2006038_2017030         3    2    1
2006057_2008005        11   11    0
2006075_2008065        12   12    0
2006075_2012315        16   15    1
2006075_2015189         5    0    5
2006109_2013170         7    5    2
2006109_2017186        14   14    0
2006130_2007106        13   12    1
2006137_2010204         7    7    0
2006153_2012270         5    4    1
2006198_2014256         9    9    0
2006203_2015132         7    7    0
2006213_2014096         4    4    0
2006214_2013119        14   13    1
2006214_2015128         7    7    0
2006225_2007175        10   10    0
2006225_2008129         6    6    0
2006225_2009240        12   12    0
2006225_2010352         8    8    0
2006225_2014216        10   10    0
2006225_2016353        10   10    0
2006247_2008006         7    1    6
2006259_2010273        18   17    1
2006301_2012349         3    3    0
2006312_2008231         8    8    0
2006321_2010028         7    7    0
2006321_2015132         5    5    0
2006325_2013039        28   28    0
2006343_2010272        12   12    0
2006343_2012232         8    8    0
2006343_2015189         8    0    8
2006347_2008063        11   10    1
2007063_2012317         4    4    0
2007087_2016287         7    6    1
2007110_2011125        11   11    0
2007110_2016206         5    5    0
2007110_2016270        44   44    0
2007115_2010025        30   30    0
2007174_2014053        14    0   14
2007175_2008129        12   12    0
2007175_2009240        11   11    0
2007175_2010352        32   32    0
2007175_2016353        28   28    0
2007199_2012211        37   37    0
2007220_2013064        40   40    0
2007234_2014102         2    2    0
2007234_2014116         6    6    0
2007255_2007335        40    0   40
2007256_2008206         7    7    0
2007256_2008300         8    8    0
2007257_2008091        35   35    0
2007257_2009317         1    1    0
2007263_2007358a       40   40    0
2007263_2011062         7    7    0
2007265_2014260        35   35    0
2007278_2012088        11   11    0
2007326_2012085         2    2    0
2007326_2013010        41   41    0
2007330_2014168        25   24    1
2007331_2013162        28   28    0
2007341_2012108        25   25    0
2007358_2011062a       29   29    0
2008005_2012157        21   21    0
2008006_2013234        33   33    0
2008019_2011238        36   36    0
2008053_2013170         3    3    0
2008053_2017186         7    7    0
2008059_2012306        10   10    0
2008065_2010272        31   31    0
2008065_2012232        32   32    0
2008067_2016209        39   39    0
2008076_2010031        28   28    0
2008097_2008153         7    7    0
2008097_2011148         1    1    0
2008122_2011056        14   14    0
2008124_2013044        37   37    0
2008129_2009240        12   12    0
2008129_2010352        31   31    0
2008129_2011080        35   35    0
2008129_2011148         8    8    0
2008129_2016353        27   27    0
2008152_2011122        12    0   12
2008152_2011354        36   36    0
2008152_2014016        30   30    0
2008153_2011148         2    2    0
2008176_2011170         8    8    0
2008191_2012060         3    3    0
2008192_2011289         5    5    0
2008218_2012331        38   37    1
2008218_2015163        27   27    0
2008231_2017126        14    0   14
2008235_2015218        16   16    0
2008310_2017139        14   14    0
2009054_2016245        39   39    0
2009104_2015179         7    7    0
2009192_2012169        37   34    3
2009206_2012223        35   34    1
2009240_2010352        10   10    0
2009240_2016353         7    7    0
2009247_2017312        19   18    1
2009254_2017123         3    0    3
2009288_2012060         5    5    0
2009336_2017171         3    3    0
2009342_2014136        36   36    0
2010028_2015132         7    7    0
2010062_2011152        13    0   13
2010064_2010109        15   15    0
2010070_2011206        10    0   10
2010078_2015198        12   12    0
2010194_2013323        38   38    0
2010237_2017213         2    2    0
2010271_2016123        10   10    0
2010272_2012232        32   32    0
2010273_2015203        34   32    2
2010345_2014345         1    0    1
2010352_2014216        16   16    0
2010352_2016353        14   13    1
2010357_2013119        29   29    0
2011051_2015340        10   10    0
2011059_2017127        32   32    0
2011080_2011148         9    9    0
2011119_2011205        27   27    0
2011122_2011354        22   22    0
2011122_2014016        19   18    1
2011141_2017050        39   39    0
2011289_2015290         8    8    0
2011326_2014043        28   28    0
2011354_2014016        20   20    0
2012023_2014039        12   12    0
2012023_2015135        16   16    0
2012081_2013015         6    6    0
2012141_2015162        40   40    0
2012157_2017017        20   18    2
2012232_2015189         5    0    5
2012235_2016353        11   11    0
2012319_2016348         9    9    0
2012326_2013329        32   32    0
2012331_2015163        39   39    0
2013010_2014038        27   27    0
2013170_2017186        12   12    0
2014039_2015135         6    6    0
2014102_2014116         7    7    0
